1.

S = (A + B) . (~B + C)

A B C (A+B) (~B) (~B+C)  S
0 0 0	0     1    1  	 0
0 0 1	0     1    0	 0
0 1 0	1     0    0	 0
0 1 1	1     0    1	 1
1 0 0	1     1    1	 1
1 0 1	1     1    0	 1
1 1 0	0     0    0	 0
1 1 1	0     0    1	 1

2.

S = A * C + ~(B * C) + ~A*B*C

(A*C) (B*C)  ~(B*C)  ~A*B*C   S
  0     0       1       0     1
  0     0       1       0     1
  0     0       1       0     1
  0     1       0       1     1
  0     0       1       0     1
  0     0       1       0     1
  1     0       1       0     1
  1     1       0       0     1

3.

S = A * B + ~C + ~(C*D)

~C (A*B) ~(C*D) ~C+~(C*D)  S
 1   0      1       1      1
 1   0      1       1      1
 0   0      1       1      1
 0   0      0       0      0
 1   0      1       1      1
 1   0      1       1      1
 0   0      1       1      1
 0   0      0       0      0
 1   0      1       1      1
 1   0      1       1      1
 0   0      1       1      1
 0   0      0       0      0
 1   1      1       1      1
 1   1      1       1      1
 0   1      1       1      1
 0   1      0       0      1

4.

Z = X*(~Y+W)

X  Y  W  ~Y+W  S
0  0  0    1   0
0  0  1    1   0
0  1  0    0   0
0  1  1    1   0
1  0  0    1   1
1  0  1    1   1
1  1  0    0   0
1  1  1    1   1